  1.2524422e-001  1.2515851e-001  1.2506806e-001  1.2423915e-001  1.2486758e-001  1.3730751e-001
  1.7775849e-002  1.7866793e-002  1.7745875e-002  1.8049088e-002  1.7840661e-002  1.7466465e-002
  3.2341491e-004  3.2614377e-004  3.3630751e-004  2.8953577e-004  3.1536975e-004  7.4460164e-005
  2.8594070e-007  1.2919775e-007  2.7514596e-007  9.1016035e-008  3.0702441e-007  0.0000000e+000
  0.0000000e+000  0.0000000e+000  0.0000000e+000  0.0000000e+000  0.0000000e+000  0.0000000e+000
  0.0000000e+000  0.0000000e+000  0.0000000e+000  0.0000000e+000  0.0000000e+000  0.0000000e+000
  0.0000000e+000  0.0000000e+000  0.0000000e+000  0.0000000e+000  0.0000000e+000             NaN
  0.0000000e+000  0.0000000e+000  0.0000000e+000  0.0000000e+000  0.0000000e+000             NaN
  0.0000000e+000  0.0000000e+000  0.0000000e+000  0.0000000e+000  0.0000000e+000             NaN
  0.0000000e+000  0.0000000e+000  0.0000000e+000  0.0000000e+000  0.0000000e+000             NaN
