  8.7373326e-001  8.7308779e-001  8.7368221e-001  8.7305383e-001  8.7137755e-001  8.8672197e-001
  1.2400852e-001  1.2463618e-001  1.2396654e-001  1.2473900e-001  1.2659109e-001  1.1279717e-001
  2.2562188e-003  2.2751321e-003  2.3493279e-003  2.2050141e-003  2.0307203e-003  4.8085837e-004
  1.9947899e-006  9.0126493e-007  1.9220745e-006  2.1466649e-006  6.3836018e-007  0.0000000e+000
  0.0000000e+000  0.0000000e+000  0.0000000e+000  0.0000000e+000  0.0000000e+000  0.0000000e+000
  0.0000000e+000  0.0000000e+000  0.0000000e+000  0.0000000e+000  0.0000000e+000  0.0000000e+000
  0.0000000e+000  0.0000000e+000  0.0000000e+000  0.0000000e+000  0.0000000e+000  0.0000000e+000
  0.0000000e+000  0.0000000e+000  0.0000000e+000  0.0000000e+000  0.0000000e+000  0.0000000e+000
  0.0000000e+000  0.0000000e+000  0.0000000e+000  0.0000000e+000  0.0000000e+000  0.0000000e+000
  0.0000000e+000  0.0000000e+000  0.0000000e+000  0.0000000e+000  0.0000000e+000  0.0000000e+000
